5132.5005,00000.7187
5132.4999,00000.7261
5132.4579,00000.6832
5132.4154,00000.6018
5132.3984,00000.5724
5132.4061,00000.5768
5132.4390,00000.6037
5132.4676,00000.6684
5132.4990,00000.7613
5132.5146,00000.7755
5132.4780,00000.6863
5132.4348,00000.5851
5132.4149,00000.5126
5132.4055,00000.4918
5132.3728,00000.5099
5132.3975,00000.5750
5132.4733,00000.7156
5132.5024,00000.7363
5132.4733,00000.6842
5132.4685,00000.6754
5132.4364,00000.6037
5132.4145,00000.5109
5132.3825,00000.5053
5132.3766,00000.5112
5132.3752,00000.5596
5132.4655,00000.6573
5132.4769,00000.7097
5132.4915,00000.7473
5132.5032,00000.7257
5132.4697,00000.6587
5132.4620,00000.6418
5132.4430,00000.6031
5132.4301,00000.5547
5132.3879,00000.5086
5132.3630,00000.5602
5132.3683,00000.5639
5132.3909,00000.5649
5132.4054,00000.5722
5132.4266,00000.5897
5132.4363,00000.600.7
5132.4906,00000.7427
5132.5023,00000.7771
5132.5084,00000.7853
5132.5159,00000.7544
5132.5042,00000.7274
5132.4381,00000.5821
5132.4352,00000.5694
5132.4245,00000.5262
5132.3572,00000.5442
5132.3565,00000.5522
5132.3613,00000.5586
5132.4373,00000.6050
5132.4745,00000.6864
5132.4860,00000.7248
5132.4321,00000.5463
5132.4107,00000.4947
5132.4038,00000.4965
5132.3866,00000.5141
5132.3688,00000.5269
5132.5211,00000.7602
5132.4926,00000.7075
5132.4405,00000.5817
5132.4039,00000.4998
5132.4000,00000.5702
5132.4235,00000.5876
5132.4477,00000.6253
5132.4556,00000.6445
5132.5192,00000.7737
5132.4903,00000.6983
5132.4810,00000.6814
5132.4608,00000.6406
5132.4048,00000.5019
5132.3856,00000.5207
5132.3779,00000.5270
5132.3652,00000.5447
5132.4555,00000.6442
5132.4589,00000.6562
5132.4603,00000.6600
5132.4796,00000.7124
5132.4966,00000.7495
5132.5005,00000.7593
5132.5029,00000.7691
5132.4711,00000.6655
5132.4469,00000.6049
5132.4288,00000.5393
5132.4111,00000.4996
5132.3981,00000.5104
5132.3734,00000.5306
5132.3668,00000.5631
5132.4297,00000.5916
5132.4503,00000.6338
5132.4683,00000.6993
5132.4695,00000.7026
5132.4695,00000.7030
5132.4695,00000.7030
5132.4694,00000.7031
