[ 1.0, 2.0, 1.0, 1.0,  -1.9453617190507683787359383131843, 0.95557787777316627320089992281282]
[ 1.0, 2.0, 1.0, 1.0,   -1.870498839086718545487997289456, 0.88032185186785560926381322133238]
[ 1.0, 2.0, 1.0, 1.0,  -1.8219779390044648081925515725743, 0.83154614199278054087471900857054]
[ 1.0, 1.0,   0, 1.0, -0.90263247980169702966435352209373,                                  0]



Gain

0.0025540396805994441259413108014087
 0.0024557531952842950005722055806245
 0.0023920507470789578903513916685597
  0.048683760099151505984504950674818
                                  1.0



